0.025/0.01

ans =

    2.5000

0.5+0.15

ans =

    0.6500

0.12

ans =

    0.1200

0.5+0.12

ans =

    0.6200

0.5 / 0.12

ans =

    4.1667

0.12/0.5 

ans =

    0.2400

0.12/0.5 *100

ans =

    24

(0.12/0.5) *100

ans =

    24

(0.12/0.5) 

ans =

    0.2400

(0.12/0.5) *100

ans =

    24


0.025 * 0.75

ans =

    0.0188